# Ein paar Zahlen, um davon die kleinste zu bestimmen.
# Mit Kommentar sollte man eben pbma verwenden.
# Die passenden Funktion read_ints(const string& filename)
743 303  86 868 213 586 322 503 898 102
287 996 255 956 461 153 249 972 311 133
267
576 638
811  723  971
758   333   164      2
930      426     51      773        537     777          878    74 306
         740 294 631 381 678  700  997  896  969  177  392  674  310  361  675
   901  278  297  890  433  123  195  705  65  879  62  609  268  93  699  147
 68  923  440  248  579  40  607  877  562  307  607  783  675  438
193  419  439  497  778  105  323  421  73  904  323  376  592
281  582  769
